Experiment dir: plotData/sa_param_2019-02-10_01-33-25
Processing sa_0.100000_15000.000000, n = 25, sample_size 50
0 1 2 3 4 5 6 7 8 9 10 11 12 13 14 15 16 17 18 19 20 21 22 23 24 25 26 27 28 29 30 31 32 33 34 35 36 37 38 39 40 41 42 43 44 45 46 47 48 49 
timeout/hitsN/hitsRatio/avgT:
20000,18,0.360000,9107
Processing sa_0.100000_20000.000000, n = 25, sample_size 50
0 1 2 3 4 5 6 7 8 9 10 11 12 13 14 15 16 17 18 19 20 21 22 23 24 25 26 27 28 29 30 31 32 33 34 35 36 37 38 39 40 41 42 43 44 45 46 47 48 49 
timeout/hitsN/hitsRatio/avgT:
20000,18,0.360000,8545
Processing sa_0.100000_25000.000000, n = 25, sample_size 50
0 1 2 3 4 5 6 7 8 9 10 11 12 13 14 15 16 17 18 19 20 21 22 23 24 25 26 27 28 29 30 31 32 33 34 35 36 37 38 39 40 41 42 43 44 45 46 47 48 49 
timeout/hitsN/hitsRatio/avgT:
20000,24,0.480000,9186
Processing sa_0.150000_15000.000000, n = 25, sample_size 50
0 1 2 3 4 5 6 7 8 9 10 11 12 13 14 15 16 17 18 19 20 21 22 23 24 25 26 27 28 29 30 31 32 33 34 35 36 37 38 39 40 41 42 43 44 45 46 47 48 49 
timeout/hitsN/hitsRatio/avgT:
20000,28,0.560000,8206
Processing sa_0.150000_20000.000000, n = 25, sample_size 50
0 1 2 3 4 5 6 7 8 9 10 11 12 13 14 15 16 17 18 19 20 21 22 23 24 25 26 27 28 29 30 31 32 33 34 35 36 37 38 39 40 41 42 43 44 45 46 47 48 49 
timeout/hitsN/hitsRatio/avgT:
20000,27,0.540000,8639
Processing sa_0.150000_25000.000000, n = 25, sample_size 50
0 1 2 3 4 5 6 7 8 9 10 11 12 13 14 15 16 17 18 19 20 21 22 23 24 25 26 27 28 29 30 31 32 33 34 35 36 37 38 39 40 41 42 43 44 45 46 47 48 49 
timeout/hitsN/hitsRatio/avgT:
20000,19,0.380000,8440
Processing sa_0.050000_15000.000000, n = 25, sample_size 50
0 1 2 3 4 5 6 7 8 9 10 11 12 13 14 15 16 17 18 19 20 21 22 23 24 25 26 27 28 29 30 31 32 33 34 35 36 37 38 39 40 41 42 43 44 45 46 47 48 49 
timeout/hitsN/hitsRatio/avgT:
20000,18,0.360000,10676
Processing sa_0.050000_20000.000000, n = 25, sample_size 50
0 1 2 3 4 5 6 7 8 9 10 11 12 13 14 15 16 17 18 19 20 21 22 23 24 25 26 27 28 29 30 31 32 33 34 35 36 37 38 39 40 41 42 43 44 45 46 47 48 49 
timeout/hitsN/hitsRatio/avgT:
20000,23,0.460000,9660
Processing sa_0.050000_25000.000000, n = 25, sample_size 50
0 1 2 3 4 5 6 7 8 9 10 11 12 13 14 15 16 17 18 19 20 21 22 23 24 25 26 27 28 29 30 31 32 33 34 35 36 37 38 39 40 41 42 43 44 45 46 47 48 49 
timeout/hitsN/hitsRatio/avgT:
20000,23,0.460000,9610
